high density 


normal

2.89743155318578,198.892909018883
2.61863536061983,258.294546401145
2.92489152330355,195.984535412606
3.06678255387834,177.240109318064
2.66022880174444,224.497819953834
2.66219885085643,217.44463218092
2.87802576993533,183.171451042076
2.92495304091449,195.732666839782
2.92495304091449,195.732666839782
2.60588194500662,240.982883475971

    AverageSpeed AverageWaitingTime
    ------------ ------------------
2.81639824403593   208.797422048306


without NMV 



3.71323006465988,133.062794811321
3.74131188213347,131.379233511586
3.86648548431187,118.557635613208
3.6998300162877,141.628470691935
3.6651128178707,161.048553719008
3.65855874342187,138.500150015002
3.56433296022845,152.167402826855
3.80995273370469,120.087942639742
3.57030307155165,174.148192056906
3.60071230206918,141.180682643428

    AverageSpeed AverageWaitingTime
    ------------ ------------------
3.68898300762395   141.176105852899


only MV

3.23594933705855,179.031976744186
3.49411735200554,150.734100634499
3.20813983795619,196.958243958244
3.47846393755889,156.043697978597
3.50052151143032,159.996537187594
3.55082662425877,137.862147406733
3.44725708452824,144.689027099067
3.60155187183678,137.28509815586
3.22682528991428,184.97270726339
3.42470970479343,149.325588235294

   AverageSpeed AverageWaitingTime
   ------------ ------------------
3.4168362551341   159.689912466346



only NMV

3.58921283152141,129.840540885317
3.61894543965649,130.88749840378
3.71057315032155,116.87482274075
3.67978932309007,127.477669404517
3.57138856962284,138.268872142036
3.66343883027115,128.980637666193
3.56727273906463,122.988748419722
3.77582902977444,108.744436014163
3.55229273624318,139.560192819992
3.73583383127445,106.290235776525

    AverageSpeed AverageWaitingTime
    ------------ ------------------
3.64645764808402     124.9913654273

NMVx1.5

2.21693912746905,303.029375441073
2.24596883932967,278.752013452518
2.12687363776713,339.313379977542
2.19785697844157,377.906094084105
2.26342614851969,323.184484304933
2.15257631931265,356.755283253419
2.24643937720529,319.9476612763
2.20042880448893,353.082425852147
2.0963681098347,369.078787878788
2.2870020823197,302.00113735783

    AverageSpeed AverageWaitingTime
    ------------ ------------------
2.20338794246884   332.305064287865



NMVx1.25

2.71819050723666,242.09969976188
2.78282940083481,235.816824546952
2.82773375762526,196.316683725691
2.89565645158194,223.816616843624
2.88566806188983,198.495485210171
2.90636131943322,230.403617571059
2.87604876357341,201.171502590674
3.00235726985868,167.516813243663
2.85728495614739,208.465583272953
2.97610854186407,198.241754822651

    AverageSpeed AverageWaitingTime
    ------------ ------------------
2.87282390300453   210.234458158932


MVx1.25 


1.97132683866471,349.189042948935
1.86886896440496,415.202774934607
1.9556840818678,403.528053936693
1.96952901777669,350.336046890264
2.11019839712817,331.4036096103
1.89746903625455,404.544512265346
2.02182035894826,356.135792689827
1.84897177205231,415.775367231638
1.87894113614785,358.087857847976
1.85457742508411,424.709466437177

    AverageSpeed AverageWaitingTime
    ------------ ------------------
1.93773870283294   380.891252479276


moderate

normal


4.63201704953005,55.6520250998289
4.62418713124268,57.6430602957907
4.70967170439134,55.6505437893532
4.60473423353794,54.6576603325416
4.62126081829923,56.6276967930029
4.66464475740679,54.5368063420159
4.68874132397971,54.6078838174274
4.65186875318935,55.2242828165749
4.6892828365801,54.4982847341338
4.65361493799918,55.1995985087468

    AverageSpeed AverageWaitingTime
    ------------ ------------------
4.65400235461564   55.4297842529416

without NMV 

5.13871869797377,51.0476347998677
5.118435410713,52.7847593582888
5.13399877432792,52.6682926829268
5.14603928151358,52.0946944257891
5.21183566990724,50.4998395893487
5.13839943114003,51.3425324675325
5.17240552154425,51.2679394338381
5.20868876096811,51.2646484375
5.141999929272,53.0461439173927
5.097522102547,51.7999340804219

    AverageSpeed AverageWaitingTime
    ------------ ------------------
5.15080435799069   51.7816419192906


only MV 


4.54611897672079,54.0318357631657
4.58591779454215,54.0092814371258
4.51762016724902,57.2628372497824
4.55732532396604,54.2373664452787
4.54840183697398,56.0587020648968
4.59220745683542,55.9772329246935
4.55006478362854,57.1749194257252
4.54625494314583,58.1271726535342
4.49990442396031,60.3298085167191
4.55172422297778,56.5309101316543

    AverageSpeed AverageWaitingTime
    ------------ ------------------
4.54955399299999   56.3740066612576



only NMV 

5.0577549904127,46.8403811792734
5.01248452804174,51.9340876944837
4.97966378738431,50.5336965873243
4.92452946345242,49.8029445073613
4.9883137240663,48.6566725455614
5.12256501874701,49.0557915604645
4.98395265436674,50.5188296639629
4.93773874094257,50.652001135396
5.01248311138848,49.1532234749928
4.90348911165957,49.554732041049

    AverageSpeed AverageWaitingTime
    ------------ ------------------
4.99229751304618   49.6702360389869

NMV x1.25 


4.88521244231395,57.9792941176471
4.89744613210562,58.6243701328447
4.94481464012343,56.1925551470588
4.95336791306191,56.075329566855
4.92061330059097,58.5523349436393
4.85660528448622,58.4907063197026
4.91251718306193,57.8501368613139
4.95375426724888,55.567473243369
4.88106750983134,56.7891125343092
4.94285841948061,56.7857628655634

    AverageSpeed AverageWaitingTime
    ------------ ------------------
4.91482570923049   57.2907075732303


NMV x1.5 

4.84353897609934,61.7350853635143
4.77838268714363,63.2009963594558
4.72726014424423,64.6099786449233
4.86303319012231,61.7879560612005
4.89999518190149,60.9938843953443
4.70732006192595,65.2283776144715
4.7591848671796,64.322239624119
4.71556549629559,65.256434699714
4.79961654517438,63
4.70240697146765,64.266985645933

    AverageSpeed AverageWaitingTime
    ------------ ------------------
4.77963041215542   63.4401938408676


